<?xml version="1.0"?>
<opencv_storage>
<vocabulary type_id="opencv-matrix">
  <rows>100</rows>
  <cols>64</cols>
  <dt>f</dt>
  <data>
    -1.32583582e-03 4.76828543e-03 1.45030499e-03 2.01656912e-02
    -3.06044780e-02 -4.19807583e-02 6.55400380e-02 7.27593079e-02
    4.66751382e-02 -1.20046943e-01 4.66751382e-02 1.20046943e-01
    -1.52764769e-04 -1.45640410e-03 8.64788308e-04 1.45640410e-03
    -8.87037837e-04 1.70218258e-03 8.87037837e-04 1.70218258e-03
    -1.27742410e-01 2.85085142e-02 2.75090605e-01 3.76575053e-01
    9.27784829e-04 2.16513202e-01 2.93426931e-01 4.26398724e-01
    2.76122019e-02 3.39987613e-02 4.80699986e-02 9.84890014e-02
    -6.34954602e-04 -2.36537249e-04 6.34954602e-04 2.36537249e-04
    -1.79427803e-01 -1.21883191e-02 3.86296421e-01 1.69431463e-01
    2.78172642e-01 6.62120581e-02 2.94152409e-01 8.35848078e-02 0. 0. 0.
    0. -1.39327813e-03 -9.60629317e-04 2.10086070e-03 1.07474439e-03
    -2.76614958e-03 -1.40192723e-02 5.05261458e-02 3.31594236e-02
    2.54159160e-02 9.26228997e-04 2.54159160e-02 6.23518601e-03 0. 0. 0.
    0. -5.74233569e-03 7.14920461e-04 6.10206649e-03 2.18243268e-03
    2.94830147e-02 -6.51942194e-03 5.35392612e-02 2.90579125e-02
    6.39100326e-04 3.17873317e-04 6.39100326e-04 5.49284043e-04 0. 0. 0.
    0. -5.66660203e-02 -1.61960851e-02 7.53818899e-02 5.08141182e-02
    3.66448820e-01 -5.75575531e-02 5.25808156e-01 1.85297981e-01 0. 0.
    0. 0. 0. 0. 0. 0. -4.96021584e-02 4.38759429e-03 5.75975850e-02
    6.27130419e-02 3.05133104e-01 5.40637970e-02 4.37699378e-01
    4.64456797e-01 5.29811755e-02 -9.62797366e-03 5.29811755e-02
    5.19933440e-02 0. 0. 0. 0. -1.96777401e-03 4.11481503e-03
    3.53894848e-03 1.25098899e-02 2.25729458e-02 3.20461318e-02
    2.92536318e-02 6.63925856e-02 0. 0. 0. 0. 0. 0. 0. 0. 4.33060515e-04
    3.11152451e-03 3.36428871e-03 5.61879808e-03 -1.54912856e-03
    -8.20050991e-05 1.76719800e-02 3.74685824e-02 2.82675144e-03
    -2.32103579e-02 1.37539608e-02 5.82938083e-02 6.73310074e-04
    -4.22201527e-04 6.91593392e-04 4.52659238e-04 1.01247858e-02
    -4.17296439e-02 5.64990081e-02 5.87369986e-02 2.56606519e-01
    -4.54914719e-02 4.65312779e-01 2.52735734e-01 -3.63874855e-03
    5.08815050e-02 8.78988951e-02 3.65714312e-01 2.07517780e-02
    -8.32221191e-03 2.07517780e-02 1.32587450e-02 -3.89584787e-02
    3.02907657e-02 1.16369225e-01 3.60299796e-02 2.94344962e-01
    3.55523154e-02 4.77884531e-01 1.42721221e-01 -3.59761738e-03
    -8.22602678e-03 9.58422050e-02 3.53110999e-01 1.85278337e-02
    8.77972133e-03 1.85278337e-02 1.31806023e-02 -1.49689801e-03
    6.07306324e-03 6.41572056e-03 6.07306324e-03 1.28451511e-02
    3.44190784e-02 1.86551753e-02 3.45155969e-02 -6.72327413e-04
    1.16941864e-02 5.05262800e-03 1.16941864e-02 6.86667408e-05
    2.89318596e-05 9.90684130e-05 6.15001627e-05 -2.95143633e-04
    6.74066413e-03 6.58889476e-04 1.82370730e-02 -3.12170498e-02
    9.92305204e-02 4.62144278e-02 1.56978711e-01 -5.70020602e-05
    1.12363845e-01 2.51317229e-02 2.01991990e-01 9.01231018e-04
    -1.82404206e-03 7.35006016e-03 2.22029202e-02 -1.14865219e-02
    -1.21161074e-03 1.14865219e-02 4.89433343e-03 -8.46902505e-02
    -1.07342206e-01 3.24190289e-01 3.13720167e-01 1.88990295e-01
    -5.81516325e-02 2.67612606e-01 1.97251931e-01 -1.26990573e-02
    4.00705710e-02 3.59006450e-02 4.48744595e-02 -3.13106775e-02
    -5.12953009e-03 3.13106775e-02 1.01661477e-02 -1.26076952e-01
    -2.78084185e-02 3.30037504e-01 3.16115290e-01 2.82356232e-01
    9.54641588e-03 3.82542491e-01 2.54035860e-01 0. 0. 0. 0.
    -6.47612615e-03 1.68038323e-03 6.47612615e-03 2.01182789e-03
    -2.22794861e-02 2.13168431e-02 4.82488088e-02 4.68525290e-02
    5.20204157e-02 8.68115388e-03 5.20204157e-02 2.93572731e-02 0. 0. 0.
    0. 0. 0. 0. 0. -2.37609172e-04 -2.37609172e-04 2.37609172e-04
    2.37609172e-04 -8.00243812e-04 -2.06135632e-03 1.25461491e-03
    2.06135632e-03 1.84163291e-04 -1.67106441e-03 3.16855905e-04
    1.67106441e-03 -1.75056886e-02 -1.99107248e-02 3.52778062e-02
    5.95954247e-02 -8.62233564e-02 -1.98214427e-01 2.05404997e-01
    6.01570904e-01 2.39493504e-01 -5.25165163e-03 2.61918545e-01
    1.78920120e-01 -8.74439068e-03 6.17816485e-03 1.07173221e-02
    2.02569831e-02 -3.94493677e-02 1.22356564e-02 3.97095717e-02
    5.96283861e-02 8.65641385e-02 7.18479455e-02 1.27420172e-01
    4.03615177e-01 1.63779899e-01 -6.27016202e-02 1.73114374e-01
    3.40334892e-01 -9.08183306e-03 -2.32333993e-03 1.11427903e-02
    8.20608065e-03 -7.68556492e-03 -1.29253359e-03 7.68556492e-03
    3.13776475e-03 -2.55573704e-03 1.13324476e-02 2.37394217e-02
    7.00981095e-02 2.80335974e-02 7.33351288e-03 4.53197025e-02
    3.04691307e-02 -2.13566353e-03 -7.30706612e-04 2.31109513e-03
    1.88568467e-03 -2.00103968e-02 -1.39126554e-03 2.00103968e-02
    1.80168694e-03 4.68128771e-02 2.08358858e-02 5.71566857e-02
    2.97496412e-02 2.15306249e-03 -2.86860089e-03 1.66532286e-02
    1.60077624e-02 -3.31329393e-05 -6.59656580e-05 4.66022102e-05
    6.59656580e-05 -1.20659448e-01 -1.34371771e-02 1.20659448e-01
    3.18452306e-02 2.05819026e-01 -5.38003743e-02 4.76272583e-01
    1.06344581e-01 -4.10653837e-02 -1.96950734e-02 2.45225027e-01
    3.90853822e-01 -8.56916606e-03 -6.65082550e-03 2.86152139e-02
    4.05790359e-02 -1.22417584e-02 2.77407449e-02 8.75053853e-02
    6.28976598e-02 7.78292865e-02 7.51114786e-02 5.48002124e-01
    1.14805445e-01 1.62356142e-02 9.03635174e-02 2.07128853e-01
    2.55699396e-01 5.65450732e-03 1.58624165e-02 2.15329900e-02
    3.70180607e-02 3.26263194e-04 1.02254038e-03 7.41748139e-04
    1.02254038e-03 1.51301408e-02 -4.82708099e-04 6.14256784e-02
    6.56038150e-03 0. 0. 0. 0. 0. 0. 0. 0. -1.40846462e-03
    5.33431885e-04 2.23968504e-03 5.68675390e-03 1.77764203e-02
    -1.02704251e-02 3.18603255e-02 2.17570737e-02 1.59149822e-05
    2.06000661e-03 3.10751772e-03 5.53842960e-03 -2.99619228e-06
    3.07167938e-05 1.44285559e-05 3.07167938e-05 -6.59562089e-03
    1.40728988e-03 2.89031416e-02 8.18253532e-02 1.95386350e-01
    5.64260967e-03 4.13782597e-01 5.59531510e-01 2.28061397e-02
    4.84682014e-03 2.28061397e-02 2.91208979e-02 0. 0. 0. 0.
    -2.37977803e-02 -3.20113450e-03 3.45339440e-02 7.18708336e-02
    2.05396220e-01 -5.82914725e-02 3.68202657e-01 5.09431481e-01
    2.96452479e-03 -2.96452479e-03 2.96452479e-03 2.96452479e-03 0. 0.
    0. 0. -4.13543498e-03 2.23734113e-03 4.82462859e-03 8.28630012e-03
    2.91495733e-02 1.18751116e-02 7.41109028e-02 5.89110851e-02
    6.50026603e-03 3.70884518e-04 6.50026603e-03 3.55709228e-03 0. 0. 0.
    0. 3.30331095e-04 -9.75816511e-03 4.06535715e-03 2.01004595e-02
    4.70081046e-02 1.22227697e-02 6.17425516e-02 5.94481304e-02
    -1.65746789e-02 -5.51533932e-03 2.12751161e-02 2.40111277e-02
    1.53061398e-03 -1.56407349e-03 4.58395667e-03 3.83864250e-03
    9.93927475e-03 1.54831000e-02 2.89333668e-02 1.22615740e-01
    2.83885807e-01 -9.64258313e-02 3.00786108e-01 4.88921136e-01
    -1.06826074e-01 2.73244246e-03 1.58959940e-01 6.81773424e-02
    1.68969631e-02 5.28573850e-03 2.42442414e-02 1.65084209e-02
    3.79107706e-03 -2.68397145e-02 3.49692665e-02 6.51106387e-02
    3.29787880e-01 7.75277838e-02 3.91980886e-01 3.30597848e-01
    -1.35551825e-01 -3.88299092e-03 1.80853933e-01 2.61515290e-01
    2.62216236e-02 2.87404726e-03 2.62216236e-02 2.14408245e-02
    1.29097502e-03 1.48040447e-02 2.55139288e-03 1.62969567e-02
    2.68161297e-02 3.19390222e-02 2.68269125e-02 4.56581637e-02 0. 0. 0.
    0. 0. 0. 0. 0. 9.14917619e-04 1.20818429e-03 3.03272065e-03
    4.67097480e-03 -6.21862430e-03 9.74731334e-03 4.79439162e-02
    1.50709357e-02 5.59298461e-03 2.90932227e-03 8.01233947e-02
    1.78956445e-02 7.78106642e-06 7.78106642e-06 7.78106642e-06
    7.78106642e-06 1.25136122e-03 7.64739281e-03 4.61217156e-03
    8.06662533e-03 -2.06125811e-01 -1.54417276e-01 2.50391334e-01
    2.05238312e-01 1.69609666e-01 3.58134545e-02 5.09993434e-01
    1.01730719e-01 0. 0. 0. 0. 0. 0. 0. 0. -1.96994066e-01
